frame
time 100
event 
part -9 1 -11 0 1 1 1 
part -8 -3 -11 4,768372E-07 0 1 1 
part 111 -7 -12 0 1 1 1 
part 112 6 -12 0 0 1 1 
part 213 0 -8 0 0 1 1 
part 55 -1,192093E-07 -12 0 0 1 1 
part 6 -1 -17 0 0 1 1 
part 151 -7 -15 4,712389 0 1 1 
part 151 5 -17 4,712389 0 1 1 
frame
time 100
event 
part -9 1 -11 6,283185 1 1 1 
part -8 -3 -11 4,768372E-07 0 1 1 
part 112 -7 -12 0 1 1 1 
part 111 6 -12 0 0 1 1 
part 213 -1 -8 0 1 1 1 
part 55 -1,192093E-07 -12 0 0 1 1 
part 6 -1 -17 0 0 1 1 
part 151 6 -15 4,712389 0 1 1 
part 151 -6 -17 4,712389 0 1 1 

