frame
time 50
event 
part 152 -2 -11 4,712389 0 1 1 
part -6 -2 -13 4,712389 0 1 1 
part 104 -3 -7 0 0 1 1 
part 206 2 -8 0 0 1 1 
part 2 3 -12 0 0 1 1 
part 51 3 -6 0 0 1 1 
part 153 7 -2 0 0 1 1 
part 112 8 -8 3,141593 1 1 1 
part -9 3 -6 0,8 0 1 1 
part -8 1 -8 5,683186 0 1 1 
frame
time 50
event 
part 152 -4 -11 4,712389 0 1 1 
part -6 -4 -13 4,712389 0 1 1 
part 104 -5 -7 0 0 1 1 
part 206 0 -8 0 0 1 1 
part 2 1 -12 0 0 1 1 
part 51 1 -6 0 0 1 1 
part 153 5 -2 0 0 1 1 
part 112 6 -8 3,141593 1 1 1 
part -9 1 -6 0,8 0 1 1 
part -8 -1 -8 5,683186 0 1 1 
frame
time 250
event STOP
part 152 -3 -11 4,712389 0 1 1 
part -6 -3 -13 4,712389 0 1 1 
part 104 -4 -7 0 0 1 1 
part 206 1 -8 0 0 1 1 
part 2 2 -12 0 0 1 1 
part 51 2 -6 0 0 1 1 
part 153 6 -2 0 0 1 1 
part 112 7 -8 3,141593 1 1 1 
part -9 2 -6 0,8 0 1 1 
part -8 0 -8 5,683186 0 1 1 

